LM=21
-1.89730149910578E-001 2.41217975115131E-003
-1.09042697634629E-001 2.29907013257392E-003
3.17583979103521E-001 -5.41231961758705E-003
2.92774190903728E-001 -6.11364076759477E-002
2.42126601632520E-001 -9.63838972738395E-002
1.74142737679941E-001 -1.16995277727364E-001
8.78523151121813E-002 -1.27586863864313E-001
-1.24954846835488E-002 -1.29325603323849E-001
-1.20710862299908E-001 -1.26782649459114E-001
-2.14191221718082E-001 -1.15888358257184E-001
-2.21360357921694E-001 -7.95141339841158E-002
-2.14917173671359E-001 -2.41035897764968E-002
-2.14370600322469E-001 2.96657925430996E-002
-2.18939263003045E-001 8.21693642410093E-002
-2.11248482273264E-001 1.18875486681413E-001
-1.20686389465637E-001 1.27126065654425E-001
-1.98474830227170E-002 1.27863932262863E-001
7.42427939025934E-002 1.25641770602501E-001
1.57706626665035E-001 1.15438956367742E-001
2.31793944913437E-001 9.49564259279748E-002
2.89316976013975E-001 5.66800567950576E-002
ID=Consensus (Data=C:\USERS\MANMO\ONEDRIVE - UNIVERSITY OF EXETER\DOCUMENTS\GITHUB\EXETER-DATA-ANALYTICS.GITHUB.IO\POSTS\INTRO_TO_GEOMETRIC_MORPHOMETRICS\DATA\RESULTS\ABDOMEN_ELYTRA_CONSENSUS)
