LM=21
-1.95430181294717E-001 9.29956103355008E-003
-1.13279527639581E-001 7.25303071814645E-003
3.07585528203634E-001 -1.46756004545549E-002
2.84513499013527E-001 -6.69983717960519E-002
2.36260348025575E-001 -1.00665709485090E-001
1.71791497185654E-001 -1.19320911136094E-001
9.02576245073302E-002 -1.27883439250058E-001
-1.30896504296994E-002 -1.27736582976116E-001
-1.26104311507992E-001 -1.22005270940653E-001
-2.22426669924053E-001 -1.08049994804612E-001
-2.29004837932915E-001 -7.49546847657575E-002
-2.20308240379731E-001 -1.31074376900574E-002
-2.18051071197836E-001 3.28765746028900E-002
-2.21635308908153E-001 8.84452207434949E-002
-2.12050167280008E-001 1.25292068624193E-001
-1.08773840436489E-001 1.29439559885661E-001
5.39178225609832E-003 1.26386192703519E-001
9.56593583270330E-002 1.19720242030220E-001
1.70551210121134E-001 1.05562167043029E-001
2.35148139300366E-001 8.37632234328974E-002
2.82994819990822E-001 4.73601624814440E-002
ID=Consensus (Data=C:\USERS\MANMO\ONEDRIVE - UNIVERSITY OF EXETER\DOCUMENTS\GITHUB\EXETER-DATA-ANALYTICS.GITHUB.IO\POSTS\INTRO_TO_GEOMETRIC_MORPHOMETRICS\DATA\RESULTS\FULL_BODY_ELYTRA_CONSENSUS)
